                  100                 1000                  850   0.0000000000000000     
   1.5707963267948967E-002
   4.7123889803846901E-002
   7.8539816339744828E-002
  0.10995574287564278     
  0.14137166941154070     
  0.17278759594743864     
  0.20420352248333656     
  0.23561944901923451     
  0.26703537555513246     
  0.29845130209103038     
  0.32986722862692830     
  0.36128315516282622     
  0.39269908169872420     
  0.42411500823462212     
  0.45553093477052004     
  0.48694686130641796     
  0.51836278784231593     
  0.54977871437821380     
  0.58119464091411177     
  0.61261056745000975     
  0.64402649398590761     
  0.67544242052180559     
  0.70685834705770356     
  0.73827427359360143     
  0.76969020012949940     
  0.80110612666539727     
  0.83252205320129524     
  0.86393797973719322     
  0.89535390627309108     
  0.92676983280898906     
  0.95818575934488703     
  0.98960168588078490     
   1.0210176124166828     
   1.0524335389525807     
   1.0838494654884787     
   1.1152653920243767     
   1.1466813185602747     
   1.1780972450961724     
   1.2095131716320704     
   1.2409290981679684     
   1.2723450247038663     
   1.3037609512397643     
   1.3351768777756623     
   1.3665928043115600     
   1.3980087308474580     
   1.4294246573833560     
   1.4608405839192540     
   1.4922565104551520     
   1.5236724369910497     
   1.5550883635269477     
   1.5865042900628457     
   1.6179202165987436     
   1.6493361431346416     
   1.6807520696705394     
   1.7121679962064373     
   1.7435839227423353     
   1.7749998492782333     
   1.8064157758141313     
   1.8378317023500292     
   1.8692476288859270     
   1.9006635554218250     
   1.9320794819577229     
   1.9634954084936209     
   1.9949113350295189     
   2.0263272615654166     
   2.0577431881013148     
   2.0891591146372126     
   2.1205750411731104     
   2.1519909677090086     
   2.1834068942449063     
   2.2148228207808045     
   2.2462387473167023     
   2.2776546738526000     
   2.3090706003884982     
   2.3404865269243960     
   2.3719024534602942     
   2.4033183799961919     
   2.4347343065320897     
   2.4661502330679879     
   2.4975661596038856     
   2.5289820861397838     
   2.5603980126756816     
   2.5918139392115798     
   2.6232298657474775     
   2.6546457922833753     
   2.6860617188192735     
   2.7174776453551712     
   2.7488935718910694     
   2.7803094984269672     
   2.8117254249628649     
   2.8431413514987631     
   2.8745572780346609     
   2.9059732045705591     
   2.9373891311064568     
   2.9688050576423546     
   3.0002209841782528     
   3.0316369107141505     
   3.0630528372500487     
   3.0944687637859465     
   3.1258846903218442     
   3.0000000000000000     
   9.0000000000000000     
   15.000000000000000     
   21.000000000000000     
   27.000000000000000     
   33.000000000000000     
   39.000000000000000     
   45.000000000000000     
   51.000000000000000     
   57.000000000000000     
   63.000000000000000     
   69.000000000000000     
   75.000000000000000     
   81.000000000000000     
   87.000000000000000     
   93.000000000000000     
   99.000000000000000     
   105.00000000000000     
   111.00000000000000     
   117.00000000000000     
   123.00000000000000     
   129.00000000000000     
   135.00000000000000     
   141.00000000000000     
   147.00000000000000     
   153.00000000000000     
   159.00000000000000     
   165.00000000000000     
   171.00000000000000     
   177.00000000000000     
   183.00000000000000     
   189.00000000000000     
   195.00000000000000     
   201.00000000000000     
   207.00000000000000     
   213.00000000000000     
   219.00000000000000     
   225.00000000000000     
   231.00000000000000     
   237.00000000000000     
   243.00000000000000     
   249.00000000000000     
   255.00000000000000     
   261.00000000000000     
   267.00000000000000     
   273.00000000000000     
   279.00000000000000     
   285.00000000000000     
   291.00000000000000     
   297.00000000000000     
   303.00000000000000     
   309.00000000000000     
   315.00000000000000     
   321.00000000000000     
   327.00000000000000     
   333.00000000000000     
   339.00000000000000     
   345.00000000000000     
   351.00000000000000     
   357.00000000000000     
   363.00000000000000     
   369.00000000000000     
   375.00000000000000     
   381.00000000000000     
   387.00000000000000     
   393.00000000000000     
   399.00000000000000     
   405.00000000000000     
   411.00000000000000     
   417.00000000000000     
   423.00000000000000     
   429.00000000000000     
   435.00000000000000     
   441.00000000000000     
   447.00000000000000     
   453.00000000000000     
   459.00000000000000     
   465.00000000000000     
   471.00000000000000     
   477.00000000000000     
   483.00000000000000     
   489.00000000000000     
   495.00000000000000     
   501.00000000000000     
   507.00000000000000     
   513.00000000000000     
   519.00000000000000     
   525.00000000000000     
   531.00000000000000     
   537.00000000000000     
   543.00000000000000     
   549.00000000000000     
   555.00000000000000     
   561.00000000000000     
   567.00000000000000     
   573.00000000000000     
   579.00000000000000     
   585.00000000000000     
   591.00000000000000     
   597.00000000000000     
   603.00000000000000     
   609.00000000000000     
   615.00000000000000     
   621.00000000000000     
   627.00000000000000     
   633.00000000000000     
   639.00000000000000     
   645.00000000000000     
   651.00000000000000     
   657.00000000000000     
   663.00000000000000     
   669.00000000000000     
   675.00000000000000     
   681.00000000000000     
   687.00000000000000     
   693.00000000000000     
   699.00000000000000     
   705.00000000000000     
   711.00000000000000     
   717.00000000000000     
   723.00000000000000     
   729.00000000000000     
   735.00000000000000     
   741.00000000000000     
   747.00000000000000     
   753.00000000000000     
   759.00000000000000     
   765.00000000000000     
   771.00000000000000     
   777.00000000000000     
   783.00000000000000     
   789.00000000000000     
   795.00000000000000     
   801.00000000000000     
   807.00000000000000     
   813.00000000000000     
   819.00000000000000     
   825.00000000000000     
   831.00000000000000     
   837.00000000000000     
   843.00000000000000     
   849.00000000000000     
   855.00000000000000     
   861.00000000000000     
   867.00000000000000     
   873.00000000000000     
   879.00000000000000     
   885.00000000000000     
   891.00000000000000     
   897.00000000000000     
   903.00000000000000     
   909.00000000000000     
   915.00000000000000     
   921.00000000000000     
   927.00000000000000     
   933.00000000000000     
   939.00000000000000     
   945.00000000000000     
   951.00000000000000     
   957.00000000000000     
   963.00000000000000     
   969.00000000000000     
   975.00000000000000     
   981.00000000000000     
   987.00000000000000     
   993.00000000000000     
   999.00000000000000     
   1005.0000000000000     
   1011.0000000000000     
   1017.0000000000000     
   1023.0000000000000     
   1029.0000000000000     
   1035.0000000000000     
   1041.0000000000000     
   1047.0000000000000     
   1053.0000000000000     
   1059.0000000000000     
   1065.0000000000000     
   1071.0000000000000     
   1077.0000000000000     
   1083.0000000000000     
   1089.0000000000000     
   1095.0000000000000     
   1101.0000000000000     
   1107.0000000000000     
   1113.0000000000000     
   1119.0000000000000     
   1125.0000000000000     
   1131.0000000000000     
   1137.0000000000000     
   1143.0000000000000     
   1149.0000000000000     
   1155.0000000000000     
   1161.0000000000000     
   1167.0000000000000     
   1173.0000000000000     
   1179.0000000000000     
   1185.0000000000000     
   1191.0000000000000     
   1197.0000000000000     
   1203.0000000000000     
   1209.0000000000000     
   1215.0000000000000     
   1221.0000000000000     
   1227.0000000000000     
   1233.0000000000000     
   1239.0000000000000     
   1245.0000000000000     
   1251.0000000000000     
   1257.0000000000000     
   1263.0000000000000     
   1269.0000000000000     
   1275.0000000000000     
   1281.0000000000000     
   1287.0000000000000     
   1293.0000000000000     
   1299.0000000000000     
   1305.0000000000000     
   1311.0000000000000     
   1317.0000000000000     
   1323.0000000000000     
   1329.0000000000000     
   1335.0000000000000     
   1341.0000000000000     
   1347.0000000000000     
   1353.0000000000000     
   1359.0000000000000     
   1365.0000000000000     
   1371.0000000000000     
   1377.0000000000000     
   1383.0000000000000     
   1389.0000000000000     
   1395.0000000000000     
   1401.0000000000000     
   1407.0000000000000     
   1413.0000000000000     
   1419.0000000000000     
   1425.0000000000000     
   1431.0000000000000     
   1437.0000000000000     
   1443.0000000000000     
   1449.0000000000000     
   1455.0000000000000     
   1461.0000000000000     
   1467.0000000000000     
   1473.0000000000000     
   1479.0000000000000     
   1485.0000000000000     
   1491.0000000000000     
   1497.0000000000000     
   1503.0000000000000     
   1509.0000000000000     
   1515.0000000000000     
   1521.0000000000000     
   1527.0000000000000     
   1533.0000000000000     
   1539.0000000000000     
   1545.0000000000000     
   1551.0000000000000     
   1557.0000000000000     
   1563.0000000000000     
   1569.0000000000000     
   1575.0000000000000     
   1581.0000000000000     
   1587.0000000000000     
   1593.0000000000000     
   1599.0000000000000     
   1605.0000000000000     
   1611.0000000000000     
   1617.0000000000000     
   1623.0000000000000     
   1629.0000000000000     
   1635.0000000000000     
   1641.0000000000000     
   1647.0000000000000     
   1653.0000000000000     
   1659.0000000000000     
   1665.0000000000000     
   1671.0000000000000     
   1677.0000000000000     
   1683.0000000000000     
   1689.0000000000000     
   1695.0000000000000     
   1701.0000000000000     
   1707.0000000000000     
   1713.0000000000000     
   1719.0000000000000     
   1725.0000000000000     
   1731.0000000000000     
   1737.0000000000000     
   1743.0000000000000     
   1749.0000000000000     
   1755.0000000000000     
   1761.0000000000000     
   1767.0000000000000     
   1773.0000000000000     
   1779.0000000000000     
   1785.0000000000000     
   1791.0000000000000     
   1797.0000000000000     
   1803.0000000000000     
   1809.0000000000000     
   1815.0000000000000     
   1821.0000000000000     
   1827.0000000000000     
   1833.0000000000000     
   1839.0000000000000     
   1845.0000000000000     
   1851.0000000000000     
   1857.0000000000000     
   1863.0000000000000     
   1869.0000000000000     
   1875.0000000000000     
   1881.0000000000000     
   1887.0000000000000     
   1893.0000000000000     
   1899.0000000000000     
   1905.0000000000000     
   1911.0000000000000     
   1917.0000000000000     
   1923.0000000000000     
   1929.0000000000000     
   1935.0000000000000     
   1941.0000000000000     
   1947.0000000000000     
   1953.0000000000000     
   1959.0000000000000     
   1965.0000000000000     
   1971.0000000000000     
   1977.0000000000000     
   1983.0000000000000     
   1989.0000000000000     
   1995.0000000000000     
   2001.0000000000000     
   2007.0000000000000     
   2013.0000000000000     
   2019.0000000000000     
   2025.0000000000000     
   2031.0000000000000     
   2037.0000000000000     
   2043.0000000000000     
   2049.0000000000000     
   2055.0000000000000     
   2061.0000000000000     
   2067.0000000000000     
   2073.0000000000000     
   2079.0000000000000     
   2085.0000000000000     
   2091.0000000000000     
   2097.0000000000000     
   2103.0000000000000     
   2109.0000000000000     
   2115.0000000000000     
   2121.0000000000000     
   2127.0000000000000     
   2133.0000000000000     
   2139.0000000000000     
   2145.0000000000000     
   2151.0000000000000     
   2157.0000000000000     
   2163.0000000000000     
   2169.0000000000000     
   2175.0000000000000     
   2181.0000000000000     
   2187.0000000000000     
   2193.0000000000000     
   2199.0000000000000     
   2205.0000000000000     
   2211.0000000000000     
   2217.0000000000000     
   2223.0000000000000     
   2229.0000000000000     
   2235.0000000000000     
   2241.0000000000000     
   2247.0000000000000     
   2253.0000000000000     
   2259.0000000000000     
   2265.0000000000000     
   2271.0000000000000     
   2277.0000000000000     
   2283.0000000000000     
   2289.0000000000000     
   2295.0000000000000     
   2301.0000000000000     
   2307.0000000000000     
   2313.0000000000000     
   2319.0000000000000     
   2325.0000000000000     
   2331.0000000000000     
   2337.0000000000000     
   2343.0000000000000     
   2349.0000000000000     
   2355.0000000000000     
   2361.0000000000000     
   2367.0000000000000     
   2373.0000000000000     
   2379.0000000000000     
   2385.0000000000000     
   2391.0000000000000     
   2397.0000000000000     
   2403.0000000000000     
   2409.0000000000000     
   2415.0000000000000     
   2421.0000000000000     
   2427.0000000000000     
   2433.0000000000000     
   2439.0000000000000     
   2445.0000000000000     
   2451.0000000000000     
   2457.0000000000000     
   2463.0000000000000     
   2469.0000000000000     
   2475.0000000000000     
   2481.0000000000000     
   2487.0000000000000     
   2493.0000000000000     
   2499.0000000000000     
   2505.0000000000000     
   2511.0000000000000     
   2517.0000000000000     
   2523.0000000000000     
   2529.0000000000000     
   2535.0000000000000     
   2541.0000000000000     
   2547.0000000000000     
   2553.0000000000000     
   2559.0000000000000     
   2565.0000000000000     
   2571.0000000000000     
   2577.0000000000000     
   2583.0000000000000     
   2589.0000000000000     
   2595.0000000000000     
   2601.0000000000000     
   2607.0000000000000     
   2613.0000000000000     
   2619.0000000000000     
   2625.0000000000000     
   2631.0000000000000     
   2637.0000000000000     
   2643.0000000000000     
   2649.0000000000000     
   2655.0000000000000     
   2661.0000000000000     
   2667.0000000000000     
   2673.0000000000000     
   2679.0000000000000     
   2685.0000000000000     
   2691.0000000000000     
   2697.0000000000000     
   2703.0000000000000     
   2709.0000000000000     
   2715.0000000000000     
   2721.0000000000000     
   2727.0000000000000     
   2733.0000000000000     
   2739.0000000000000     
   2745.0000000000000     
   2751.0000000000000     
   2757.0000000000000     
   2763.0000000000000     
   2769.0000000000000     
   2775.0000000000000     
   2781.0000000000000     
   2787.0000000000000     
   2793.0000000000000     
   2799.0000000000000     
   2805.0000000000000     
   2811.0000000000000     
   2817.0000000000000     
   2823.0000000000000     
   2829.0000000000000     
   2835.0000000000000     
   2841.0000000000000     
   2847.0000000000000     
   2853.0000000000000     
   2859.0000000000000     
   2865.0000000000000     
   2871.0000000000000     
   2877.0000000000000     
   2883.0000000000000     
   2889.0000000000000     
   2895.0000000000000     
   2901.0000000000000     
   2907.0000000000000     
   2913.0000000000000     
   2919.0000000000000     
   2925.0000000000000     
   2931.0000000000000     
   2937.0000000000000     
   2943.0000000000000     
   2949.0000000000000     
   2955.0000000000000     
   2961.0000000000000     
   2967.0000000000000     
   2973.0000000000000     
   2979.0000000000000     
   2985.0000000000000     
   2991.0000000000000     
   2997.0000000000000     
   3003.0000000000000     
   3009.0000000000000     
   3015.0000000000000     
   3021.0000000000000     
   3027.0000000000000     
   3033.0000000000000     
   3039.0000000000000     
   3045.0000000000000     
   3051.0000000000000     
   3057.0000000000000     
   3063.0000000000000     
   3069.0000000000000     
   3075.0000000000000     
   3081.0000000000000     
   3087.0000000000000     
   3093.0000000000000     
   3099.0000000000000     
   3105.0000000000000     
   3111.0000000000000     
   3117.0000000000000     
   3123.0000000000000     
   3129.0000000000000     
   3135.0000000000000     
   3141.0000000000000     
   3147.0000000000000     
   3153.0000000000000     
   3159.0000000000000     
   3165.0000000000000     
   3171.0000000000000     
   3177.0000000000000     
   3183.0000000000000     
   3189.0000000000000     
   3195.0000000000000     
   3201.0000000000000     
   3207.0000000000000     
   3213.0000000000000     
   3219.0000000000000     
   3225.0000000000000     
   3231.0000000000000     
   3237.0000000000000     
   3243.0000000000000     
   3249.0000000000000     
   3255.0000000000000     
   3261.0000000000000     
   3267.0000000000000     
   3273.0000000000000     
   3279.0000000000000     
   3285.0000000000000     
   3291.0000000000000     
   3297.0000000000000     
   3303.0000000000000     
   3309.0000000000000     
   3315.0000000000000     
   3321.0000000000000     
   3327.0000000000000     
   3333.0000000000000     
   3339.0000000000000     
   3345.0000000000000     
   3351.0000000000000     
   3357.0000000000000     
   3363.0000000000000     
   3369.0000000000000     
   3375.0000000000000     
   3381.0000000000000     
   3387.0000000000000     
   3393.0000000000000     
   3399.0000000000000     
   3405.0000000000000     
   3411.0000000000000     
   3417.0000000000000     
   3423.0000000000000     
   3429.0000000000000     
   3435.0000000000000     
   3441.0000000000000     
   3447.0000000000000     
   3453.0000000000000     
   3459.0000000000000     
   3465.0000000000000     
   3471.0000000000000     
   3477.0000000000000     
   3483.0000000000000     
   3489.0000000000000     
   3495.0000000000000     
   3501.0000000000000     
   3507.0000000000000     
   3513.0000000000000     
   3519.0000000000000     
   3525.0000000000000     
   3531.0000000000000     
   3537.0000000000000     
   3543.0000000000000     
   3549.0000000000000     
   3555.0000000000000     
   3561.0000000000000     
   3567.0000000000000     
   3573.0000000000000     
   3579.0000000000000     
   3585.0000000000000     
   3591.0000000000000     
   3597.0000000000000     
   3603.0000000000000     
   3609.0000000000000     
   3615.0000000000000     
   3621.0000000000000     
   3627.0000000000000     
   3633.0000000000000     
   3639.0000000000000     
   3645.0000000000000     
   3651.0000000000000     
   3657.0000000000000     
   3663.0000000000000     
   3669.0000000000000     
   3675.0000000000000     
   3681.0000000000000     
   3687.0000000000000     
   3693.0000000000000     
   3699.0000000000000     
   3705.0000000000000     
   3711.0000000000000     
   3717.0000000000000     
   3723.0000000000000     
   3729.0000000000000     
   3735.0000000000000     
   3741.0000000000000     
   3747.0000000000000     
   3753.0000000000000     
   3759.0000000000000     
   3765.0000000000000     
   3771.0000000000000     
   3777.0000000000000     
   3783.0000000000000     
   3789.0000000000000     
   3795.0000000000000     
   3801.0000000000000     
   3807.0000000000000     
   3813.0000000000000     
   3819.0000000000000     
   3825.0000000000000     
   3831.0000000000000     
   3837.0000000000000     
   3843.0000000000000     
   3849.0000000000000     
   3855.0000000000000     
   3861.0000000000000     
   3867.0000000000000     
   3873.0000000000000     
   3879.0000000000000     
   3885.0000000000000     
   3891.0000000000000     
   3897.0000000000000     
   3903.0000000000000     
   3909.0000000000000     
   3915.0000000000000     
   3921.0000000000000     
   3927.0000000000000     
   3933.0000000000000     
   3939.0000000000000     
   3945.0000000000000     
   3951.0000000000000     
   3957.0000000000000     
   3963.0000000000000     
   3969.0000000000000     
   3975.0000000000000     
   3981.0000000000000     
   3987.0000000000000     
   3993.0000000000000     
   3999.0000000000000     
   4005.0000000000000     
   4011.0000000000000     
   4017.0000000000000     
   4023.0000000000000     
   4029.0000000000000     
   4035.0000000000000     
   4041.0000000000000     
   4047.0000000000000     
   4053.0000000000000     
   4059.0000000000000     
   4065.0000000000000     
   4071.0000000000000     
   4077.0000000000000     
   4083.0000000000000     
   4089.0000000000000     
   4095.0000000000000     
   4101.0000000000000     
   4107.0000000000000     
   4113.0000000000000     
   4119.0000000000000     
   4125.0000000000000     
   4131.0000000000000     
   4137.0000000000000     
   4143.0000000000000     
   4149.0000000000000     
   4155.0000000000000     
   4161.0000000000000     
   4167.0000000000000     
   4173.0000000000000     
   4179.0000000000000     
   4185.0000000000000     
   4191.0000000000000     
   4197.0000000000000     
   4203.0000000000000     
   4209.0000000000000     
   4215.0000000000000     
   4221.0000000000000     
   4227.0000000000000     
   4233.0000000000000     
   4239.0000000000000     
   4245.0000000000000     
   4251.0000000000000     
   4257.0000000000000     
   4263.0000000000000     
   4269.0000000000000     
   4275.0000000000000     
   4281.0000000000000     
   4287.0000000000000     
   4293.0000000000000     
   4299.0000000000000     
   4305.0000000000000     
   4311.0000000000000     
   4317.0000000000000     
   4323.0000000000000     
   4329.0000000000000     
   4335.0000000000000     
   4341.0000000000000     
   4347.0000000000000     
   4353.0000000000000     
   4359.0000000000000     
   4365.0000000000000     
   4371.0000000000000     
   4377.0000000000000     
   4383.0000000000000     
   4389.0000000000000     
   4395.0000000000000     
   4401.0000000000000     
   4407.0000000000000     
   4413.0000000000000     
   4419.0000000000000     
   4425.0000000000000     
   4431.0000000000000     
   4437.0000000000000     
   4443.0000000000000     
   4449.0000000000000     
   4455.0000000000000     
   4461.0000000000000     
   4467.0000000000000     
   4473.0000000000000     
   4479.0000000000000     
   4485.0000000000000     
   4491.0000000000000     
   4497.0000000000000     
   4503.0000000000000     
   4509.0000000000000     
   4515.0000000000000     
   4521.0000000000000     
   4527.0000000000000     
   4533.0000000000000     
   4539.0000000000000     
   4545.0000000000000     
   4551.0000000000000     
   4557.0000000000000     
   4563.0000000000000     
   4569.0000000000000     
   4575.0000000000000     
   4581.0000000000000     
   4587.0000000000000     
   4593.0000000000000     
   4599.0000000000000     
   4605.0000000000000     
   4611.0000000000000     
   4617.0000000000000     
   4623.0000000000000     
   4629.0000000000000     
   4635.0000000000000     
   4641.0000000000000     
   4647.0000000000000     
   4653.0000000000000     
   4659.0000000000000     
   4665.0000000000000     
   4671.0000000000000     
   4677.0000000000000     
   4683.0000000000000     
   4689.0000000000000     
   4695.0000000000000     
   4701.0000000000000     
   4707.0000000000000     
   4713.0000000000000     
   4719.0000000000000     
   4725.0000000000000     
   4731.0000000000000     
   4737.0000000000000     
   4743.0000000000000     
   4749.0000000000000     
   4755.0000000000000     
   4761.0000000000000     
   4767.0000000000000     
   4773.0000000000000     
   4779.0000000000000     
   4785.0000000000000     
   4791.0000000000000     
   4797.0000000000000     
   4803.0000000000000     
   4809.0000000000000     
   4815.0000000000000     
   4821.0000000000000     
   4827.0000000000000     
   4833.0000000000000     
   4839.0000000000000     
   4845.0000000000000     
   4851.0000000000000     
   4857.0000000000000     
   4863.0000000000000     
   4869.0000000000000     
   4875.0000000000000     
   4881.0000000000000     
   4887.0000000000000     
   4893.0000000000000     
   4899.0000000000000     
   4905.0000000000000     
   4911.0000000000000     
   4917.0000000000000     
   4923.0000000000000     
   4929.0000000000000     
   4935.0000000000000     
   4941.0000000000000     
   4947.0000000000000     
   4953.0000000000000     
   4959.0000000000000     
   4965.0000000000000     
   4971.0000000000000     
   4977.0000000000000     
   4983.0000000000000     
   4989.0000000000000     
   4995.0000000000000     
   5001.0000000000000     
   5007.0000000000000     
   5013.0000000000000     
   5019.0000000000000     
   5025.0000000000000     
   5031.0000000000000     
   5037.0000000000000     
   5043.0000000000000     
   5049.0000000000000     
   5055.0000000000000     
   5061.0000000000000     
   5067.0000000000000     
   5073.0000000000000     
   5079.0000000000000     
   5085.0000000000000     
   5091.0000000000000     
   5097.0000000000000     
   5103.0000000000000     
   5109.0000000000000     
   5115.0000000000000     
   5121.0000000000000     
   5127.0000000000000     
   5133.0000000000000     
   5139.0000000000000     
   5145.0000000000000     
   5151.0000000000000     
   5157.0000000000000     
   5163.0000000000000     
   5169.0000000000000     
   5175.0000000000000     
   5181.0000000000000     
   5187.0000000000000     
   5193.0000000000000     
   5199.0000000000000     
   5205.0000000000000     
   5211.0000000000000     
   5217.0000000000000     
   5223.0000000000000     
   5229.0000000000000     
   5235.0000000000000     
   5241.0000000000000     
   5247.0000000000000     
   5253.0000000000000     
   5259.0000000000000     
   5265.0000000000000     
   5271.0000000000000     
   5277.0000000000000     
   5283.0000000000000     
   5289.0000000000000     
   5295.0000000000000     
   5301.0000000000000     
   5307.0000000000000     
   5313.0000000000000     
   5319.0000000000000     
   5325.0000000000000     
   5331.0000000000000     
   5337.0000000000000     
   5343.0000000000000     
   5349.0000000000000     
   5355.0000000000000     
   5361.0000000000000     
   5367.0000000000000     
   5373.0000000000000     
   5379.0000000000000     
   5385.0000000000000     
   5391.0000000000000     
   5397.0000000000000     
   5403.0000000000000     
   5409.0000000000000     
   5415.0000000000000     
   5421.0000000000000     
   5427.0000000000000     
   5433.0000000000000     
   5439.0000000000000     
   5445.0000000000000     
   5451.0000000000000     
   5457.0000000000000     
   5463.0000000000000     
   5469.0000000000000     
   5475.0000000000000     
   5481.0000000000000     
   5487.0000000000000     
   5493.0000000000000     
   5499.0000000000000     
   5505.0000000000000     
   5511.0000000000000     
   5517.0000000000000     
   5523.0000000000000     
   5529.0000000000000     
   5535.0000000000000     
   5541.0000000000000     
   5547.0000000000000     
   5553.0000000000000     
   5559.0000000000000     
   5565.0000000000000     
   5571.0000000000000     
   5577.0000000000000     
   5583.0000000000000     
   5589.0000000000000     
   5595.0000000000000     
   5601.0000000000000     
   5607.0000000000000     
   5613.0000000000000     
   5619.0000000000000     
   5625.0000000000000     
   5631.0000000000000     
   5637.0000000000000     
   5643.0000000000000     
   5649.0000000000000     
   5655.0000000000000     
   5661.0000000000000     
   5667.0000000000000     
   5673.0000000000000     
   5679.0000000000000     
   5685.0000000000000     
   5691.0000000000000     
   5697.0000000000000     
   5703.0000000000000     
   5709.0000000000000     
   5715.0000000000000     
   5721.0000000000000     
   5727.0000000000000     
   5733.0000000000000     
   5739.0000000000000     
   5745.0000000000000     
   5751.0000000000000     
   5757.0000000000000     
   5763.0000000000000     
   5769.0000000000000     
   5775.0000000000000     
   5781.0000000000000     
   5787.0000000000000     
   5793.0000000000000     
   5799.0000000000000     
   5805.0000000000000     
   5811.0000000000000     
   5817.0000000000000     
   5823.0000000000000     
   5829.0000000000000     
   5835.0000000000000     
   5841.0000000000000     
   5847.0000000000000     
   5853.0000000000000     
   5859.0000000000000     
   5865.0000000000000     
   5871.0000000000000     
   5877.0000000000000     
   5883.0000000000000     
   5889.0000000000000     
   5895.0000000000000     
   5901.0000000000000     
   5907.0000000000000     
   5913.0000000000000     
   5919.0000000000000     
   5925.0000000000000     
   5931.0000000000000     
   5937.0000000000000     
   5943.0000000000000     
   5949.0000000000000     
   5955.0000000000000     
   5961.0000000000000     
   5967.0000000000000     
   5973.0000000000000     
   5979.0000000000000     
   5985.0000000000000     
   5991.0000000000000     
   5997.0000000000000     
