   879.00000000000000     
   957.00000000000000     
   1113.0000000000000     
   1317.0000000000000     
   1551.0000000000000     
   1761.0000000000000     
   1911.0000000000000     
   2031.0000000000000     
   2133.0000000000000     
   2211.0000000000000     
   2283.0000000000000     
   2343.0000000000000     
   2397.0000000000000     
   2445.0000000000000     
   2487.0000000000000     
   2505.0000000000000     
   2505.0000000000000     
   2505.0000000000000     
   2505.0000000000000     
   2505.0000000000000     
   2505.0000000000000     
   2505.0000000000000     
   2505.0000000000000     
   2505.0000000000000     
   2505.0000000000000     
   2505.0000000000000     
   2505.0000000000000     
   2505.0000000000000     
   2505.0000000000000     
   2505.0000000000000     
   2505.0000000000000     
   2505.0000000000000     
   2505.0000000000000     
   2505.0000000000000     
   2505.0000000000000     
   2505.0000000000000     
   2505.0000000000000     
   2505.0000000000000     
   2505.0000000000000     
   2505.0000000000000     
   2505.0000000000000     
   2505.0000000000000     
   2505.0000000000000     
   2505.0000000000000     
   2505.0000000000000     
   2505.0000000000000     
   2505.0000000000000     
   2505.0000000000000     
   2505.0000000000000     
   2505.0000000000000     
   2505.0000000000000     
   2505.0000000000000     
   2505.0000000000000     
   2505.0000000000000     
   2505.0000000000000     
   2505.0000000000000     
   2505.0000000000000     
   2505.0000000000000     
   2505.0000000000000     
   2505.0000000000000     
   2505.0000000000000     
   2505.0000000000000     
   2505.0000000000000     
   2505.0000000000000     
   2505.0000000000000     
   2505.0000000000000     
   2505.0000000000000     
   2505.0000000000000     
   2505.0000000000000     
   2505.0000000000000     
   2505.0000000000000     
   2505.0000000000000     
   2505.0000000000000     
   2505.0000000000000     
   2505.0000000000000     
   2505.0000000000000     
   2505.0000000000000     
   2505.0000000000000     
   2505.0000000000000     
   2505.0000000000000     
   2505.0000000000000     
   2505.0000000000000     
   2505.0000000000000     
   2505.0000000000000     
   2505.0000000000000     
   2487.0000000000000     
   2445.0000000000000     
   2397.0000000000000     
   2343.0000000000000     
   2283.0000000000000     
   2211.0000000000000     
   2133.0000000000000     
   2031.0000000000000     
   1911.0000000000000     
   1761.0000000000000     
   1551.0000000000000     
   1317.0000000000000     
   1113.0000000000000     
   957.00000000000000     
   879.00000000000000     
