# White dwarf EOS from Helmholtz code
# Composition: abar =   13.7, zbar =    6.9
# Temperature =  1.000E+04 K
# density[g/cm^3]  pressure[dyn/cm^2]  internal energy density [erg/cm^3]
# Note internal energy density = rho e_int excludes rest mass energy contribution
   1.000000E+00   3.257506E+12   4.886315E+12
   1.023317E+00   3.382993E+12   5.074549E+12
   1.047177E+00   3.513361E+12   5.270108E+12
   1.071593E+00   3.648804E+12   5.473277E+12
   1.096579E+00   3.789521E+12   5.684354E+12
   1.122148E+00   3.935716E+12   5.903647E+12
   1.148312E+00   4.087603E+12   6.131478E+12
   1.175087E+00   4.245403E+12   6.368180E+12
   1.202486E+00   4.409346E+12   6.614098E+12
   1.230524E+00   4.579671E+12   6.869594E+12
   1.259216E+00   4.756630E+12   7.135041E+12
   1.288576E+00   4.940484E+12   7.410827E+12
   1.318621E+00   5.131498E+12   7.697358E+12
   1.349367E+00   5.329955E+12   7.995051E+12
   1.380830E+00   5.536147E+12   8.304344E+12
   1.413026E+00   5.750376E+12   8.625689E+12
   1.445973E+00   5.972954E+12   8.959557E+12
   1.479688E+00   6.204205E+12   9.306438E+12
   1.514189E+00   6.444469E+12   9.666841E+12
   1.549495E+00   6.694095E+12   1.004129E+13
   1.585624E+00   6.953453E+12   1.043034E+13
   1.622595E+00   7.222924E+12   1.083456E+13
   1.660429E+00   7.502900E+12   1.125454E+13
   1.699144E+00   7.793796E+12   1.169089E+13
   1.738762E+00   8.096039E+12   1.214427E+13
   1.779304E+00   8.410072E+12   1.261532E+13
   1.820792E+00   8.736354E+12   1.310475E+13
   1.863246E+00   9.075363E+12   1.361327E+13
   1.906691E+00   9.427592E+12   1.414163E+13
   1.951148E+00   9.793558E+12   1.469059E+13
   1.996642E+00   1.017380E+13   1.526098E+13
   2.043197E+00   1.056889E+13   1.585362E+13
   2.090838E+00   1.097938E+13   1.646939E+13
   2.139589E+00   1.140590E+13   1.710919E+13
   2.189477E+00   1.184907E+13   1.777395E+13
   2.240528E+00   1.230953E+13   1.846466E+13
   2.292769E+00   1.278797E+13   1.918233E+13
   2.346229E+00   1.328508E+13   1.992801E+13
   2.400935E+00   1.380160E+13   2.070280E+13
   2.456916E+00   1.433826E+13   2.150783E+13
   2.514203E+00   1.489588E+13   2.234430E+13
   2.572826E+00   1.547528E+13   2.321342E+13
   2.632816E+00   1.607729E+13   2.411647E+13
   2.694204E+00   1.670281E+13   2.505479E+13
   2.757023E+00   1.735276E+13   2.602974E+13
   2.821308E+00   1.802810E+13   2.704276E+13
   2.887091E+00   1.872981E+13   2.809535E+13
   2.954408E+00   1.945892E+13   2.918905E+13
   3.023295E+00   2.021650E+13   3.032546E+13
   3.093788E+00   2.100367E+13   3.150625E+13
   3.165924E+00   2.182157E+13   3.273317E+13
   3.239743E+00   2.267143E+13   3.400801E+13
   3.315282E+00   2.355449E+13   3.533265E+13
   3.392583E+00   2.447204E+13   3.670903E+13
   3.471687E+00   2.542545E+13   3.813919E+13
   3.552635E+00   2.641611E+13   3.962522E+13
   3.635470E+00   2.744548E+13   4.116931E+13
   3.720237E+00   2.851506E+13   4.277373E+13
   3.806980E+00   2.962642E+13   4.444084E+13
   3.895745E+00   3.078120E+13   4.617309E+13
   3.986581E+00   3.198111E+13   4.797303E+13
   4.079535E+00   3.322790E+13   4.984331E+13
   4.174655E+00   3.452341E+13   5.178667E+13
   4.271994E+00   3.586955E+13   5.380598E+13
   4.371602E+00   3.726832E+13   5.590421E+13
   4.473533E+00   3.872176E+13   5.808444E+13
   4.577840E+00   4.023201E+13   6.034989E+13
   4.684580E+00   4.180128E+13   6.270388E+13
   4.793808E+00   4.343188E+13   6.514989E+13
   4.905584E+00   4.512621E+13   6.769152E+13
   5.019965E+00   4.688675E+13   7.033248E+13
   5.137014E+00   4.871612E+13   7.307668E+13
   5.256791E+00   5.061700E+13   7.592816E+13
   5.379362E+00   5.259219E+13   7.889110E+13
   5.504790E+00   5.464462E+13   8.196989E+13
   5.633143E+00   5.677730E+13   8.516903E+13
   5.764488E+00   5.899337E+13   8.849326E+13
   5.898896E+00   6.129606E+13   9.194745E+13
   6.036438E+00   6.368877E+13   9.553669E+13
   6.177187E+00   6.617500E+13   9.926628E+13
   6.321218E+00   6.875845E+13   1.031417E+14
   6.468607E+00   7.144291E+13   1.071686E+14
   6.619434E+00   7.423236E+13   1.113531E+14
   6.773776E+00   7.713087E+13   1.157011E+14
   6.931718E+00   8.014275E+13   1.202192E+14
   7.093341E+00   8.327243E+13   1.249139E+14
   7.258734E+00   8.652451E+13   1.297923E+14
   7.427983E+00   8.990375E+13   1.348614E+14
   7.601178E+00   9.341510E+13   1.401287E+14
   7.778411E+00   9.706375E+13   1.456021E+14
   7.959777E+00   1.008551E+14   1.512895E+14
   8.145371E+00   1.047947E+14   1.571994E+14
   8.335293E+00   1.088884E+14   1.633404E+14
   8.529644E+00   1.131423E+14   1.697216E+14
   8.728527E+00   1.175625E+14   1.763524E+14
   8.932047E+00   1.221557E+14   1.832426E+14
   9.140311E+00   1.269285E+14   1.904022E+14
   9.353432E+00   1.318880E+14   1.978419E+14
   9.571522E+00   1.370415E+14   2.055726E+14
   9.794697E+00   1.423964E+14   2.136057E+14
   1.002308E+01   1.479609E+14   2.219531E+14
   1.025678E+01   1.537430E+14   2.306270E+14
   1.049593E+01   1.597513E+14   2.396402E+14
   1.074066E+01   1.659946E+14   2.490059E+14
   1.099110E+01   1.724823E+14   2.587381E+14
   1.124737E+01   1.792237E+14   2.688510E+14
   1.150962E+01   1.862289E+14   2.793596E+14
   1.177799E+01   1.935082E+14   2.902793E+14
   1.205261E+01   2.010722E+14   3.016262E+14
   1.233364E+01   2.089320E+14   3.134170E+14
   1.262121E+01   2.170993E+14   3.256691E+14
   1.291550E+01   2.255861E+14   3.384005E+14
   1.321664E+01   2.344050E+14   3.516301E+14
   1.352481E+01   2.435689E+14   3.653773E+14
   1.384016E+01   2.530914E+14   3.796623E+14
   1.416287E+01   2.629866E+14   3.945063E+14
   1.449310E+01   2.732690E+14   4.099311E+14
   1.483102E+01   2.839536E+14   4.259595E+14
   1.517683E+01   2.950562E+14   4.426150E+14
   1.553071E+01   3.065932E+14   4.599223E+14
   1.589283E+01   3.185815E+14   4.779067E+14
   1.626340E+01   3.310389E+14   4.965949E+14
   1.664260E+01   3.439837E+14   5.160143E+14
   1.703065E+01   3.574352E+14   5.361936E+14
   1.742775E+01   3.714130E+14   5.571626E+14
   1.783410E+01   3.859380E+14   5.789521E+14
   1.824993E+01   4.010313E+14   6.015943E+14
   1.867546E+01   4.167152E+14   6.251225E+14
   1.911091E+01   4.330126E+14   6.495715E+14
   1.955651E+01   4.499476E+14   6.749772E+14
   2.001250E+01   4.675454E+14   7.013772E+14
   2.047912E+01   4.858318E+14   7.288102E+14
   2.095662E+01   5.048338E+14   7.573169E+14
   2.144526E+01   5.245795E+14   7.869391E+14
   2.194529E+01   5.450980E+14   8.177207E+14
   2.245698E+01   5.664197E+14   8.497068E+14
   2.298060E+01   5.885758E+14   8.829448E+14
   2.351642E+01   6.115989E+14   9.174837E+14
   2.406476E+01   6.355231E+14   9.533748E+14
   2.462586E+01   6.603830E+14   9.906700E+14
   2.520005E+01   6.862158E+14   1.029425E+15
   2.578763E+01   7.130597E+14   1.069696E+15
   2.638891E+01   7.409540E+14   1.111544E+15
   2.700421E+01   7.699402E+14   1.155030E+15
   2.763386E+01   8.000610E+14   1.200217E+15
   2.827818E+01   8.313609E+14   1.247174E+15
   2.893753E+01   8.638857E+14   1.295968E+15
   2.961226E+01   8.976834E+14   1.346671E+15
   3.030271E+01   9.328035E+14   1.399360E+15
   3.100927E+01   9.692978E+14   1.454110E+15
   3.173230E+01   1.007221E+15   1.511004E+15
   3.247218E+01   1.046627E+15   1.570124E+15
   3.322932E+01   1.087577E+15   1.631559E+15
   3.400412E+01   1.130129E+15   1.695397E+15
   3.479698E+01   1.174347E+15   1.761735E+15
   3.560832E+01   1.220295E+15   1.830669E+15
   3.643859E+01   1.268043E+15   1.902302E+15
   3.728821E+01   1.317658E+15   1.976738E+15
   3.815764E+01   1.369216E+15   2.054088E+15
   3.904735E+01   1.422791E+15   2.134466E+15
   3.995780E+01   1.478462E+15   2.217990E+15
   4.088948E+01   1.536313E+15   2.304783E+15
   4.184288E+01   1.596428E+15   2.394974E+15
   4.281852E+01   1.658897E+15   2.488696E+15
   4.381691E+01   1.723811E+15   2.586085E+15
   4.483857E+01   1.791266E+15   2.687287E+15
   4.588405E+01   1.861362E+15   2.792450E+15
   4.695391E+01   1.934200E+15   2.901730E+15
   4.804871E+01   2.009889E+15   3.015288E+15
   4.916904E+01   2.088540E+15   3.133290E+15
   5.031549E+01   2.170270E+15   3.255912E+15
   5.148868E+01   2.255198E+15   3.383334E+15
   5.268922E+01   2.343451E+15   3.515743E+15
   5.391775E+01   2.435158E+15   3.653336E+15
   5.517492E+01   2.530456E+15   3.796315E+15
   5.646141E+01   2.629485E+15   3.944891E+15
   5.777790E+01   2.732390E+15   4.099283E+15
   5.912508E+01   2.839322E+15   4.259719E+15
   6.050368E+01   2.950439E+15   4.426435E+15
   6.191441E+01   3.065904E+15   4.599678E+15
   6.335805E+01   3.185889E+15   4.779702E+15
   6.483534E+01   3.310571E+15   4.966774E+15
   6.634707E+01   3.440133E+15   5.161169E+15
   6.789406E+01   3.574766E+15   5.363173E+15
   6.947712E+01   3.714671E+15   5.573086E+15
   7.109708E+01   3.860053E+15   5.791215E+15
   7.275482E+01   4.011126E+15   6.017884E+15
   7.445122E+01   4.168111E+15   6.253427E+15
   7.618719E+01   4.331242E+15   6.498194E+15
   7.796361E+01   4.500755E+15   6.752539E+15
   7.978146E+01   4.676903E+15   7.016841E+15
   8.164169E+01   4.859946E+15   7.291490E+15
   8.354529E+01   5.050154E+15   7.576890E+15
   8.549328E+01   5.247808E+15   7.873463E+15
   8.748669E+01   5.453200E+15   8.181647E+15
   8.952658E+01   5.666633E+15   8.501895E+15
   9.161403E+01   5.888421E+15   8.834680E+15
   9.375015E+01   6.118889E+15   9.180493E+15
   9.593609E+01   6.358376E+15   9.539843E+15
   9.817299E+01   6.607235E+15   9.913262E+15
   1.004620E+02   6.865836E+15   1.030130E+16
   1.028045E+02   7.134559E+15   1.070453E+16
   1.052015E+02   7.413800E+15   1.112354E+16
   1.076545E+02   7.703973E+15   1.155896E+16
   1.101646E+02   8.005506E+15   1.201142E+16
   1.127332E+02   8.318844E+15   1.248160E+16
   1.153618E+02   8.644447E+15   1.297018E+16
   1.180516E+02   8.982794E+15   1.347789E+16
   1.208042E+02   9.334381E+15   1.400547E+16
   1.236209E+02   9.699726E+15   1.455371E+16
   1.265034E+02   1.007937E+16   1.512342E+16
   1.294530E+02   1.047388E+16   1.571542E+16
   1.324714E+02   1.088383E+16   1.633060E+16
   1.355602E+02   1.130983E+16   1.696988E+16
   1.387210E+02   1.175251E+16   1.763417E+16
   1.419555E+02   1.221251E+16   1.832447E+16
   1.452654E+02   1.269052E+16   1.904179E+16
   1.486525E+02   1.318724E+16   1.978719E+16
   1.521186E+02   1.370339E+16   2.056177E+16
   1.556654E+02   1.423975E+16   2.136668E+16
   1.592950E+02   1.479710E+16   2.220310E+16
   1.630092E+02   1.537626E+16   2.307227E+16
   1.668101E+02   1.597809E+16   2.397546E+16
   1.706995E+02   1.660348E+16   2.491400E+16
   1.746796E+02   1.725336E+16   2.588929E+16
   1.787526E+02   1.792867E+16   2.690277E+16
   1.829204E+02   1.863042E+16   2.795591E+16
   1.871855E+02   1.935963E+16   2.905029E+16
   1.915500E+02   2.011738E+16   3.018751E+16
   1.960163E+02   2.090477E+16   3.136925E+16
   2.005868E+02   2.172299E+16   3.259725E+16
   2.052638E+02   2.257323E+16   3.387333E+16
   2.100498E+02   2.345675E+16   3.519936E+16
   2.149474E+02   2.437485E+16   3.657730E+16
   2.199593E+02   2.532889E+16   3.800918E+16
   2.250880E+02   2.632028E+16   3.949713E+16
   2.303363E+02   2.735048E+16   4.104332E+16
   2.357069E+02   2.842098E+16   4.265004E+16
   2.412029E+02   2.953339E+16   4.431968E+16
   2.468269E+02   3.068931E+16   4.605467E+16
   2.525820E+02   3.189048E+16   4.785757E+16
   2.584714E+02   3.313865E+16   4.973105E+16
   2.644980E+02   3.443567E+16   5.167787E+16
   2.706652E+02   3.578346E+16   5.370091E+16
   2.769762E+02   3.718401E+16   5.580314E+16
   2.834343E+02   3.863939E+16   5.798767E+16
   2.900431E+02   4.015172E+16   6.025771E+16
   2.968059E+02   4.172322E+16   6.261662E+16
   3.037264E+02   4.335622E+16   6.506788E+16
   3.108082E+02   4.505311E+16   6.761509E+16
   3.180552E+02   4.681641E+16   7.026201E+16
   3.254712E+02   4.864871E+16   7.301256E+16
   3.330600E+02   5.055272E+16   7.587077E+16
   3.408258E+02   5.253125E+16   7.884088E+16
   3.487727E+02   5.458723E+16   8.192725E+16
   3.569049E+02   5.672367E+16   8.513444E+16
   3.652267E+02   5.894372E+16   8.846718E+16
   3.737425E+02   6.125064E+16   9.193038E+16
   3.824569E+02   6.364781E+16   9.552915E+16
   3.913745E+02   6.613877E+16   9.926879E+16
   4.005000E+02   6.872720E+16   1.031548E+17
   4.098383E+02   7.141693E+16   1.071930E+17
   4.193943E+02   7.421190E+16   1.113892E+17
   4.291732E+02   7.711625E+16   1.157497E+17
   4.391800E+02   8.013428E+16   1.202808E+17
   4.494202E+02   8.327042E+16   1.249894E+17
   4.598991E+02   8.652928E+16   1.298822E+17
   4.706224E+02   8.991564E+16   1.349666E+17
   4.815957E+02   9.343447E+16   1.402500E+17
   4.928248E+02   9.709095E+16   1.457402E+17
   5.043158E+02   1.008905E+17   1.514453E+17
   5.160747E+02   1.048387E+17   1.573738E+17
   5.281078E+02   1.089414E+17   1.635342E+17
   5.404215E+02   1.132047E+17   1.699359E+17
   5.530222E+02   1.176348E+17   1.765881E+17
   5.659172E+02   1.222384E+17   1.835009E+17
   5.791125E+02   1.270219E+17   1.906840E+17
   5.926154E+02   1.319926E+17   1.981483E+17
   6.064331E+02   1.371577E+17   2.059048E+17
   6.205731E+02   1.425249E+17   2.139649E+17
   6.350427E+02   1.481020E+17   2.223405E+17
   6.498497E+02   1.538973E+17   2.310439E+17
   6.650020E+02   1.599193E+17   2.400879E+17
   6.805075E+02   1.661770E+17   2.494860E+17
   6.963746E+02   1.726795E+17   2.592518E+17
   7.126117E+02   1.794365E+17   2.694000E+17
   7.292273E+02   1.864577E+17   2.799453E+17
   7.462304E+02   1.937536E+17   2.909033E+17
   7.636299E+02   2.013348E+17   3.022902E+17
   7.814352E+02   2.092126E+17   3.141228E+17
   7.996556E+02   2.173985E+17   3.264186E+17
   8.183008E+02   2.259046E+17   3.391955E+17
   8.373807E+02   2.347434E+17   3.524725E+17
   8.569056E+02   2.439279E+17   3.662691E+17
   8.768857E+02   2.534719E+17   3.806057E+17
   8.973316E+02   2.633891E+17   3.955034E+17
   9.182543E+02   2.736943E+17   4.109841E+17
   9.396649E+02   2.844025E+17   4.270707E+17
   9.615746E+02   2.955293E+17   4.437868E+17
   9.839952E+02   3.070913E+17   4.611571E+17
   1.006939E+03   3.191055E+17   4.792073E+17
   1.030417E+03   3.315896E+17   4.979638E+17
   1.054443E+03   3.445618E+17   5.174543E+17
   1.079029E+03   3.580415E+17   5.377076E+17
   1.104188E+03   3.720484E+17   5.587534E+17
   1.129934E+03   3.866032E+17   5.806229E+17
   1.156280E+03   4.017272E+17   6.033482E+17
   1.183241E+03   4.174425E+17   6.269627E+17
   1.210830E+03   4.337722E+17   6.515014E+17
   1.239062E+03   4.507402E+17   6.770003E+17
   1.267953E+03   4.683719E+17   7.034970E+17
   1.297517E+03   4.866929E+17   7.310305E+17
   1.327771E+03   5.057302E+17   7.596414E+17
   1.358730E+03   5.255120E+17   7.893719E+17
   1.390411E+03   5.460674E+17   8.202657E+17
   1.422830E+03   5.674267E+17   8.523683E+17
   1.456006E+03   5.896210E+17   8.857271E+17
   1.489955E+03   6.126828E+17   9.203912E+17
   1.524695E+03   6.366461E+17   9.564116E+17
   1.560246E+03   6.615459E+17   9.938413E+17
   1.596626E+03   6.874193E+17   1.032736E+18
   1.633853E+03   7.143041E+17   1.073152E+18
   1.671949E+03   7.422397E+17   1.115149E+18
   1.710933E+03   7.712675E+17   1.158789E+18
   1.750826E+03   8.014303E+17   1.204137E+18
   1.791651E+03   8.327731E+17   1.251261E+18
   1.833426E+03   8.653401E+17   1.300226E+18
   1.876175E+03   8.991798E+17   1.351108E+18
   1.919921E+03   9.343417E+17   1.403980E+18
   1.964687E+03   9.708776E+17   1.458920E+18
   2.010497E+03   1.008842E+18   1.516010E+18
   2.057375E+03   1.048289E+18   1.575333E+18
   2.105346E+03   1.089278E+18   1.636977E+18
   2.154435E+03   1.131869E+18   1.701032E+18
   2.204669E+03   1.176125E+18   1.767594E+18
   2.256075E+03   1.222110E+18   1.836758E+18
   2.308678E+03   1.269892E+18   1.908629E+18
   2.362509E+03   1.319541E+18   1.983311E+18
   2.417594E+03   1.371129E+18   2.060914E+18
   2.473964E+03   1.424733E+18   2.141552E+18
   2.531649E+03   1.480431E+18   2.225345E+18
   2.590678E+03   1.538304E+18   2.312415E+18
   2.651084E+03   1.598439E+18   2.402891E+18
   2.712898E+03   1.660923E+18   2.496905E+18
   2.776154E+03   1.725848E+18   2.594597E+18
   2.840884E+03   1.793310E+18   2.696109E+18
   2.907124E+03   1.863407E+18   2.801592E+18
   2.974908E+03   1.936242E+18   2.911200E+18
   3.044272E+03   2.011920E+18   3.025094E+18
   3.115254E+03   2.090553E+18   3.143443E+18
   3.187891E+03   2.172258E+18   3.266420E+18
   3.262222E+03   2.257153E+18   3.394206E+18
   3.338286E+03   2.345364E+18   3.526990E+18
   3.416123E+03   2.437019E+18   3.664966E+18
   3.495775E+03   2.532254E+18   3.808337E+18
   3.577285E+03   2.631208E+18   3.957315E+18
   3.660695E+03   2.734026E+18   4.112118E+18
   3.746050E+03   2.840857E+18   4.272974E+18
   3.833395E+03   2.951858E+18   4.440119E+18
   3.922776E+03   3.067192E+18   4.613800E+18
   4.014242E+03   3.187028E+18   4.794272E+18
   4.107840E+03   3.311541E+18   4.981799E+18
   4.203621E+03   3.440914E+18   5.176658E+18
   4.301635E+03   3.575338E+18   5.379136E+18
   4.401934E+03   3.715009E+18   5.589529E+18
   4.504572E+03   3.860132E+18   5.808147E+18
   4.609603E+03   4.010919E+18   6.035311E+18
   4.717084E+03   4.167588E+18   6.271356E+18
   4.827070E+03   4.330370E+18   6.516628E+18
   4.939620E+03   4.499501E+18   6.771488E+18
   5.054795E+03   4.675232E+18   7.036309E+18
   5.172656E+03   4.857818E+18   7.311482E+18
   5.293264E+03   5.047527E+18   7.597409E+18
   5.416685E+03   5.244638E+18   7.894513E+18
   5.542984E+03   5.449440E+18   8.203228E+18
   5.672231E+03   5.662237E+18   8.524019E+18
   5.804488E+03   5.883327E+18   8.857336E+18
   5.939829E+03   6.113038E+18   9.203680E+18
   6.078325E+03   6.351706E+18   9.563559E+18
   6.220051E+03   6.599678E+18   9.937501E+18
   6.365081E+03   6.857320E+18   1.032606E+19
   6.513493E+03   7.125007E+18   1.072979E+19
   6.665365E+03   7.403130E+18   1.114931E+19
   6.820778E+03   7.692098E+18   1.158521E+19
   6.979815E+03   7.992333E+18   1.203814E+19
   7.142561E+03   8.304272E+18   1.250878E+19
   7.309101E+03   8.628369E+18   1.299779E+19
   7.479524E+03   8.965096E+18   1.350592E+19
   7.653921E+03   9.314942E+18   1.403389E+19
   7.832384E+03   9.678418E+18   1.458249E+19
   8.015008E+03   1.005606E+19   1.515252E+19
   8.201890E+03   1.044841E+19   1.574481E+19
   8.393130E+03   1.085605E+19   1.636024E+19
   8.588829E+03   1.127957E+19   1.699970E+19
   8.789091E+03   1.171959E+19   1.766414E+19
   8.994023E+03   1.217676E+19   1.835453E+19
   9.203732E+03   1.265173E+19   1.907189E+19
   9.418332E+03   1.314519E+19   1.981725E+19
   9.637935E+03   1.365786E+19   2.059173E+19
   9.862659E+03   1.419049E+19   2.139644E+19
   1.009262E+04   1.474386E+19   2.223258E+19
   1.032795E+04   1.531877E+19   2.310136E+19
   1.056876E+04   1.591606E+19   2.400406E+19
   1.081519E+04   1.653661E+19   2.494201E+19
   1.106736E+04   1.718130E+19   2.591657E+19
   1.132541E+04   1.785110E+19   2.692918E+19
   1.158948E+04   1.854695E+19   2.798131E+19
   1.185971E+04   1.926987E+19   2.907452E+19
   1.213624E+04   2.002092E+19   3.021039E+19
   1.241921E+04   2.080117E+19   3.139060E+19
   1.270879E+04   2.161177E+19   3.261687E+19
   1.300511E+04   2.245390E+19   3.389100E+19
   1.330834E+04   2.332878E+19   3.521484E+19
   1.361865E+04   2.423768E+19   3.659035E+19
   1.393619E+04   2.518193E+19   3.801952E+19
   1.426113E+04   2.616290E+19   3.950447E+19
   1.459365E+04   2.718199E+19   4.104734E+19
   1.493393E+04   2.824069E+19   4.265041E+19
   1.528214E+04   2.934053E+19   4.431602E+19
   1.563846E+04   3.048309E+19   4.604660E+19
   1.600310E+04   3.167005E+19   4.784468E+19
   1.637624E+04   3.290312E+19   4.971290E+19
   1.675807E+04   3.418409E+19   5.165398E+19
   1.714881E+04   3.551483E+19   5.367076E+19
   1.754867E+04   3.689725E+19   5.576619E+19
   1.795785E+04   3.833341E+19   5.794340E+19
   1.837657E+04   3.982528E+19   6.020543E+19
   1.880505E+04   4.137506E+19   6.255566E+19
   1.924352E+04   4.298497E+19   6.499752E+19
   1.969221E+04   4.465736E+19   6.753457E+19
   2.015136E+04   4.639466E+19   7.017052E+19
   2.062122E+04   4.819935E+19   7.290921E+19
   2.110204E+04   5.007406E+19   7.575465E+19
   2.159407E+04   5.202150E+19   7.871099E+19
   2.209757E+04   5.404449E+19   8.178254E+19
   2.261281E+04   5.614594E+19   8.497377E+19
   2.314006E+04   5.832886E+19   8.828936E+19
   2.367960E+04   6.059640E+19   9.173412E+19
   2.423173E+04   6.295181E+19   9.531310E+19
   2.479673E+04   6.539848E+19   9.903149E+19
   2.537491E+04   6.793997E+19   1.028947E+20
   2.596656E+04   7.057992E+19   1.069084E+20
   2.657201E+04   7.332214E+19   1.110785E+20
   2.719158E+04   7.617058E+19   1.154109E+20
   2.782560E+04   7.912936E+19   1.199120E+20
   2.847439E+04   8.220270E+19   1.245884E+20
   2.913832E+04   8.539503E+19   1.294468E+20
   2.981772E+04   8.871089E+19   1.344944E+20
   3.051297E+04   9.215503E+19   1.397385E+20
   3.122443E+04   9.573241E+19   1.451867E+20
   3.195247E+04   9.944821E+19   1.508470E+20
   3.269750E+04   1.033077E+20   1.567275E+20
   3.345989E+04   1.073164E+20   1.628368E+20
   3.424006E+04   1.114802E+20   1.691839E+20
   3.503842E+04   1.158050E+20   1.757778E+20
   3.585540E+04   1.202969E+20   1.826283E+20
   3.669142E+04   1.249624E+20   1.897453E+20
   3.754694E+04   1.298082E+20   1.971391E+20
   3.842240E+04   1.348410E+20   2.048204E+20
   3.931828E+04   1.400682E+20   2.128004E+20
   4.023505E+04   1.454972E+20   2.210907E+20
   4.117319E+04   1.511358E+20   2.297032E+20
   4.213321E+04   1.569921E+20   2.386506E+20
   4.311561E+04   1.630743E+20   2.479458E+20
   4.412092E+04   1.693913E+20   2.576022E+20
   4.514967E+04   1.759519E+20   2.676339E+20
   4.620240E+04   1.827655E+20   2.780553E+20
   4.727968E+04   1.898417E+20   2.888817E+20
   4.838208E+04   1.971907E+20   3.001286E+20
   4.951019E+04   2.048228E+20   3.118124E+20
   5.066460E+04   2.127489E+20   3.239499E+20
   5.184592E+04   2.209804E+20   3.365588E+20
   5.305479E+04   2.295288E+20   3.496573E+20
   5.429184E+04   2.384064E+20   3.632643E+20
   5.555774E+04   2.476257E+20   3.773995E+20
   5.685320E+04   2.572002E+20   3.920838E+20
   5.817882E+04   2.671427E+20   4.073375E+20
   5.953535E+04   2.774676E+20   4.231832E+20
   6.092351E+04   2.881894E+20   4.396436E+20
   6.234404E+04   2.993232E+20   4.567425E+20
   6.379769E+04   3.108850E+20   4.745047E+20
   6.528523E+04   3.228909E+20   4.929558E+20
   6.680746E+04   3.353581E+20   5.121223E+20
   6.836518E+04   3.483040E+20   5.320319E+20
   6.995922E+04   3.617471E+20   5.527134E+20
   7.159043E+04   3.757061E+20   5.741965E+20
   7.325967E+04   3.902008E+20   5.965121E+20
   7.496783E+04   4.052513E+20   6.196924E+20
   7.671582E+04   4.208787E+20   6.437708E+20
   7.850457E+04   4.371051E+20   6.687820E+20
   8.033503E+04   4.539535E+20   6.947618E+20
   8.220817E+04   4.714472E+20   7.217476E+20
   8.412498E+04   4.896110E+20   7.497783E+20
   8.608648E+04   5.084703E+20   7.788942E+20
   8.809373E+04   5.280517E+20   8.091369E+20
   9.014777E+04   5.483824E+20   8.405501E+20
   9.224970E+04   5.694908E+20   8.731787E+20
   9.440065E+04   5.914061E+20   9.070696E+20
   9.660175E+04   6.141590E+20   9.422713E+20
   9.885417E+04   6.377812E+20   9.788344E+20
   1.011591E+05   6.623058E+20   1.016811E+21
   1.035178E+05   6.877669E+20   1.056256E+21
   1.059315E+05   7.142000E+20   1.097226E+21
   1.084014E+05   7.416420E+20   1.139778E+21
   1.109290E+05   7.701310E+20   1.183975E+21
   1.135155E+05   7.997066E+20   1.229880E+21
   1.161623E+05   8.304096E+20   1.277557E+21
   1.188708E+05   8.622823E+20   1.327075E+21
   1.216424E+05   8.953687E+20   1.378505E+21
   1.244787E+05   9.297147E+20   1.431920E+21
   1.273811E+05   9.653682E+20   1.487397E+21
   1.303512E+05   1.002378E+21   1.545014E+21
   1.333905E+05   1.040796E+21   1.604853E+21
   1.365008E+05   1.080674E+21   1.667001E+21
   1.396835E+05   1.122068E+21   1.731544E+21
   1.429404E+05   1.165035E+21   1.798577E+21
   1.462733E+05   1.209634E+21   1.868192E+21
   1.496839E+05   1.255925E+21   1.940491E+21
   1.531740E+05   1.303971E+21   2.015574E+21
   1.567455E+05   1.353840E+21   2.093550E+21
   1.604003E+05   1.405599E+21   2.174529E+21
   1.641402E+05   1.459320E+21   2.258625E+21
   1.679674E+05   1.515075E+21   2.345958E+21
   1.718839E+05   1.572941E+21   2.436651E+21
   1.758916E+05   1.632998E+21   2.530834E+21
   1.799928E+05   1.695327E+21   2.628639E+21
   1.841896E+05   1.760012E+21   2.730206E+21
   1.884843E+05   1.827141E+21   2.835677E+21
   1.928791E+05   1.896805E+21   2.945201E+21
   1.973764E+05   1.969099E+21   3.058934E+21
   2.019785E+05   2.044122E+21   3.177036E+21
   2.066879E+05   2.121974E+21   3.299674E+21
   2.115072E+05   2.202761E+21   3.427020E+21
   2.164388E+05   2.286593E+21   3.559255E+21
   2.214854E+05   2.373584E+21   3.696564E+21
   2.266497E+05   2.463849E+21   3.839140E+21
   2.319344E+05   2.557511E+21   3.987185E+21
   2.373423E+05   2.654695E+21   4.140906E+21
   2.428763E+05   2.755531E+21   4.300520E+21
   2.485394E+05   2.860154E+21   4.466250E+21
   2.543344E+05   2.968706E+21   4.638329E+21
   2.602646E+05   3.081332E+21   4.816998E+21
   2.663331E+05   3.198183E+21   5.002509E+21
   2.725431E+05   3.319414E+21   5.195119E+21
   2.788979E+05   3.445190E+21   5.395100E+21
   2.854008E+05   3.575676E+21   5.602731E+21
   2.920554E+05   3.711046E+21   5.818302E+21
   2.988651E+05   3.851479E+21   6.042114E+21
   3.058336E+05   3.997160E+21   6.274480E+21
   3.129646E+05   4.148283E+21   6.515723E+21
   3.202623E+05   4.305060E+21   6.766195E+21
   3.277297E+05   4.467677E+21   7.026216E+21
   3.353712E+05   4.636361E+21   7.296160E+21
   3.431909E+05   4.811334E+21   7.576405E+21
   3.511930E+05   4.992827E+21   7.867339E+21
   3.593816E+05   5.181078E+21   8.169366E+21
   3.677611E+05   5.376335E+21   8.482906E+21
   3.763361E+05   5.578850E+21   8.808392E+21
   3.851109E+05   5.788890E+21   9.146277E+21
   3.940904E+05   6.006729E+21   9.497028E+21
   4.032792E+05   6.232656E+21   9.861130E+21
   4.126823E+05   6.466961E+21   1.023909E+22
   4.223046E+05   6.709953E+21   1.063142E+22
   4.321513E+05   6.961950E+21   1.103867E+22
   4.422276E+05   7.223278E+21   1.146139E+22
   4.525388E+05   7.494278E+21   1.190018E+22
   4.630905E+05   7.775297E+21   1.235564E+22
   4.738882E+05   8.066697E+21   1.282839E+22
   4.849376E+05   8.368854E+21   1.331908E+22
   4.962447E+05   8.682158E+21   1.382838E+22
   5.078154E+05   9.007018E+21   1.435700E+22
   5.196559E+05   9.343848E+21   1.490565E+22
   5.317725E+05   9.693082E+21   1.547510E+22
   5.441716E+05   1.005517E+22   1.606611E+22
   5.568598E+05   1.043058E+22   1.667950E+22
   5.698439E+05   1.081979E+22   1.731611E+22
   5.831307E+05   1.122329E+22   1.797680E+22
   5.967273E+05   1.164159E+22   1.866247E+22
   6.106409E+05   1.207523E+22   1.937407E+22
   6.248790E+05   1.252475E+22   2.011254E+22
   6.394490E+05   1.299074E+22   2.087891E+22
   6.543588E+05   1.347377E+22   2.167421E+22
   6.696162E+05   1.397447E+22   2.249952E+22
   6.852293E+05   1.449347E+22   2.335596E+22
   7.012065E+05   1.503142E+22   2.424469E+22
   7.175562E+05   1.558900E+22   2.516690E+22
   7.342872E+05   1.616691E+22   2.612386E+22
   7.514082E+05   1.676587E+22   2.711685E+22
   7.689285E+05   1.738661E+22   2.814721E+22
   7.868573E+05   1.802994E+22   2.921633E+22
   8.052041E+05   1.869665E+22   3.032564E+22
   8.239787E+05   1.938756E+22   3.147665E+22
   8.431910E+05   2.010355E+22   3.267089E+22
   8.628513E+05   2.084551E+22   3.390998E+22
   8.829701E+05   2.161437E+22   3.519556E+22
   9.035579E+05   2.241106E+22   3.652937E+22
   9.246258E+05   2.323657E+22   3.791319E+22
   9.461849E+05   2.409191E+22   3.934886E+22
   9.682466E+05   2.497813E+22   4.083831E+22
   9.908228E+05   2.589633E+22   4.238353E+22
   1.013925E+06   2.684765E+22   4.398656E+22
   1.037567E+06   2.783323E+22   4.564955E+22
   1.061759E+06   2.885430E+22   4.737470E+22
   1.086516E+06   2.991211E+22   4.916431E+22
   1.111850E+06   3.100795E+22   5.102075E+22
   1.137774E+06   3.214316E+22   5.294648E+22
   1.164303E+06   3.331909E+22   5.494405E+22
   1.191451E+06   3.453718E+22   5.701611E+22
   1.219231E+06   3.579889E+22   5.916538E+22
   1.247659E+06   3.710575E+22   6.139471E+22
   1.276751E+06   3.845936E+22   6.370702E+22
   1.306520E+06   3.986133E+22   6.610538E+22
   1.336984E+06   4.131335E+22   6.859292E+22
   1.368157E+06   4.281720E+22   7.117292E+22
   1.400058E+06   4.437467E+22   7.384875E+22
   1.432703E+06   4.598761E+22   7.662394E+22
   1.466108E+06   4.765794E+22   7.950210E+22
   1.500293E+06   4.938765E+22   8.248700E+22
   1.535275E+06   5.117877E+22   8.558255E+22
   1.571072E+06   5.303346E+22   8.879276E+22
   1.607704E+06   5.495393E+22   9.212183E+22
   1.645190E+06   5.694243E+22   9.557409E+22
   1.683550E+06   5.900133E+22   9.915402E+22
   1.722805E+06   6.113308E+22   1.028663E+23
   1.762975E+06   6.334020E+22   1.067157E+23
   1.804081E+06   6.562526E+22   1.107072E+23
   1.846146E+06   6.799094E+22   1.148459E+23
   1.889192E+06   7.043997E+22   1.191373E+23
   1.933242E+06   7.297522E+22   1.235869E+23
   1.978318E+06   7.559967E+22   1.282003E+23
   2.024446E+06   7.831640E+22   1.329836E+23
   2.071649E+06   8.112854E+22   1.379429E+23
   2.119953E+06   8.403939E+22   1.430845E+23
   2.169383E+06   8.705234E+22   1.484150E+23
   2.219965E+06   9.017089E+22   1.539413E+23
   2.271727E+06   9.339863E+22   1.596704E+23
   2.324696E+06   9.673925E+22   1.656097E+23
   2.378900E+06   1.001966E+23   1.717667E+23
   2.434368E+06   1.037745E+23   1.781493E+23
   2.491129E+06   1.074773E+23   1.847655E+23
   2.549213E+06   1.113091E+23   1.916239E+23
   2.608652E+06   1.152743E+23   1.987330E+23
   2.669477E+06   1.193775E+23   2.061019E+23
   2.731720E+06   1.236234E+23   2.137400E+23
   2.795414E+06   1.280168E+23   2.216569E+23
   2.860594E+06   1.325627E+23   2.298626E+23
   2.927293E+06   1.372663E+23   2.383674E+23
   2.995547E+06   1.421326E+23   2.471821E+23
   3.065393E+06   1.471674E+23   2.563177E+23
   3.136868E+06   1.523762E+23   2.657857E+23
   3.210013E+06   1.577653E+23   2.755987E+23
   3.284860E+06   1.633402E+23   2.857676E+23
   3.361451E+06   1.691073E+23   2.963058E+23
   3.439829E+06   1.750733E+23   3.072265E+23
   3.520034E+06   1.812447E+23   3.185434E+23
   3.602109E+06   1.876286E+23   3.302704E+23
   3.686098E+06   1.942319E+23   3.424223E+23
   3.772045E+06   2.010618E+23   3.550141E+23
   3.859996E+06   2.081261E+23   3.680615E+23
   3.949998E+06   2.154325E+23   3.815805E+23
   4.042098E+06   2.229892E+23   3.955881E+23
   4.136346E+06   2.308046E+23   4.101014E+23
   4.232791E+06   2.388873E+23   4.251385E+23
   4.331485E+06   2.472463E+23   4.407178E+23
   4.432481E+06   2.558908E+23   4.568586E+23
   4.535831E+06   2.648303E+23   4.735807E+23
   4.641591E+06   2.740745E+23   4.909047E+23
   4.749817E+06   2.836334E+23   5.088517E+23
   4.860566E+06   2.935174E+23   5.274439E+23
   4.973898E+06   3.037375E+23   5.467039E+23
   5.089872E+06   3.143048E+23   5.666553E+23
   5.208551E+06   3.252308E+23   5.873225E+23
   5.329996E+06   3.365275E+23   6.087305E+23
   5.454273E+06   3.482072E+23   6.309056E+23
   5.581448E+06   3.602826E+23   6.538746E+23
   5.711588E+06   3.727667E+23   6.776654E+23
   5.844763E+06   3.856729E+23   7.023069E+23
   5.981043E+06   3.990149E+23   7.278289E+23
   6.120500E+06   4.128071E+23   7.542623E+23
   6.263209E+06   4.270643E+23   7.816390E+23
   6.409246E+06   4.418023E+23   8.099921E+23
   6.558687E+06   4.570364E+23   8.393555E+23
   6.711613E+06   4.727833E+23   8.697648E+23
   6.868105E+06   4.890599E+23   9.012564E+23
   7.028246E+06   5.058837E+23   9.338681E+23
   7.192120E+06   5.232725E+23   9.676389E+23
   7.359816E+06   5.412447E+23   1.002609E+24
   7.531421E+06   5.598190E+23   1.038821E+24
   7.707028E+06   5.790152E+23   1.076318E+24
   7.886730E+06   5.988538E+23   1.115144E+24
   8.070621E+06   6.193562E+23   1.155345E+24
   8.258800E+06   6.405437E+23   1.196970E+24
   8.451367E+06   6.624390E+23   1.240067E+24
   8.648424E+06   6.850654E+23   1.284688E+24
   8.850076E+06   7.084468E+23   1.330886E+24
   9.056429E+06   7.326077E+23   1.378715E+24
   9.267594E+06   7.575731E+23   1.428232E+24
   9.483682E+06   7.833690E+23   1.479496E+24
   9.704809E+06   8.100222E+23   1.532566E+24
   9.931092E+06   8.375609E+23   1.587505E+24
   1.016265E+07   8.660146E+23   1.644378E+24
   1.039961E+07   8.954123E+23   1.703251E+24
   1.064209E+07   9.257850E+23   1.764194E+24
   1.089023E+07   9.571649E+23   1.827277E+24
   1.114415E+07   9.895847E+23   1.892575E+24
   1.140400E+07   1.023078E+24   1.960164E+24
   1.166990E+07   1.057679E+24   2.030123E+24
   1.194200E+07   1.093423E+24   2.102533E+24
   1.222045E+07   1.130346E+24   2.177478E+24
   1.250538E+07   1.168489E+24   2.255046E+24
   1.279697E+07   1.207890E+24   2.335326E+24
   1.309535E+07   1.248589E+24   2.418411E+24
   1.340069E+07   1.290630E+24   2.504399E+24
   1.371314E+07   1.334056E+24   2.593387E+24
   1.403289E+07   1.378911E+24   2.685480E+24
   1.436009E+07   1.425242E+24   2.780783E+24
   1.469491E+07   1.473096E+24   2.879406E+24
   1.503755E+07   1.522520E+24   2.981462E+24
   1.538817E+07   1.573566E+24   3.087069E+24
   1.574697E+07   1.626285E+24   3.196348E+24
   1.611414E+07   1.680734E+24   3.309424E+24
   1.648986E+07   1.736967E+24   3.426427E+24
   1.687435E+07   1.795041E+24   3.547490E+24
   1.726780E+07   1.855016E+24   3.672752E+24
   1.767043E+07   1.916955E+24   3.802356E+24
   1.808244E+07   1.980920E+24   3.936450E+24
   1.850406E+07   2.046974E+24   4.075185E+24
   1.893551E+07   2.115183E+24   4.218721E+24
   1.937703E+07   2.185617E+24   4.367219E+24
   1.982883E+07   2.258348E+24   4.520849E+24
   2.029117E+07   2.333451E+24   4.679784E+24
   2.076429E+07   2.411000E+24   4.844205E+24
   2.124844E+07   2.491075E+24   5.014296E+24
   2.174388E+07   2.573757E+24   5.190251E+24
   2.225088E+07   2.659132E+24   5.372267E+24
   2.276969E+07   2.747283E+24   5.560550E+24
   2.330060E+07   2.838299E+24   5.755311E+24
   2.384389E+07   2.932269E+24   5.956770E+24
   2.439985E+07   3.029287E+24   6.165152E+24
   2.496877E+07   3.129452E+24   6.380692E+24
   2.555096E+07   3.232867E+24   6.603631E+24
   2.614672E+07   3.339634E+24   6.834217E+24
   2.675637E+07   3.449860E+24   7.072710E+24
   2.738024E+07   3.563659E+24   7.319374E+24
   2.801865E+07   3.681144E+24   7.574486E+24
   2.867195E+07   3.802432E+24   7.838330E+24
   2.934048E+07   3.927642E+24   8.111199E+24
   3.002460E+07   4.056896E+24   8.393396E+24
   3.072467E+07   4.190323E+24   8.685236E+24
   3.144106E+07   4.328057E+24   8.987041E+24
   3.217420E+07   4.470249E+24   9.299164E+24
   3.292440E+07   4.617019E+24   9.621915E+24
   3.369208E+07   4.768523E+24   9.955668E+24
   3.447766E+07   4.924916E+24   1.030079E+25
   3.528156E+07   5.086352E+24   1.065767E+25
   3.610421E+07   5.252990E+24   1.102669E+25
   3.694603E+07   5.424993E+24   1.140826E+25
   3.780749E+07   5.602528E+24   1.180281E+25
   3.868903E+07   5.785769E+24   1.221076E+25
   3.959112E+07   5.974902E+24   1.263256E+25
   4.051425E+07   6.170118E+24   1.306868E+25
   4.145891E+07   6.371604E+24   1.351959E+25
   4.242559E+07   6.579565E+24   1.398578E+25
   4.341480E+07   6.794207E+24   1.446778E+25
   4.442709E+07   7.015744E+24   1.496609E+25
   4.546298E+07   7.244393E+24   1.548127E+25
   4.652302E+07   7.480373E+24   1.601388E+25
   4.760777E+07   7.723913E+24   1.656450E+25
   4.871782E+07   7.975252E+24   1.713373E+25
   4.985376E+07   8.234640E+24   1.772218E+25
   5.101617E+07   8.502341E+24   1.833050E+25
   5.220570E+07   8.778608E+24   1.895934E+25
   5.342295E+07   9.063719E+24   1.960938E+25
   5.466859E+07   9.357960E+24   2.028134E+25
   5.594328E+07   9.661618E+24   2.097594E+25
   5.724768E+07   9.974989E+24   2.169392E+25
   5.858250E+07   1.029837E+25   2.243606E+25
   5.994844E+07   1.063208E+25   2.320317E+25
   6.134624E+07   1.097644E+25   2.399607E+25
   6.277662E+07   1.133179E+25   2.481562E+25
   6.424035E+07   1.169849E+25   2.566269E+25
   6.573822E+07   1.207689E+25   2.653819E+25
   6.727101E+07   1.246736E+25   2.744308E+25
   6.883954E+07   1.287029E+25   2.837830E+25
   7.044464E+07   1.328608E+25   2.934488E+25
   7.208716E+07   1.371513E+25   3.034385E+25
   7.376799E+07   1.415785E+25   3.137627E+25
   7.548801E+07   1.461465E+25   3.244324E+25
   7.724813E+07   1.508599E+25   3.354592E+25
   7.904929E+07   1.557233E+25   3.468546E+25
   8.089245E+07   1.607416E+25   3.586310E+25
   8.277858E+07   1.659195E+25   3.708008E+25
   8.470869E+07   1.712621E+25   3.833770E+25
   8.668381E+07   1.767748E+25   3.963730E+25
   8.870498E+07   1.824629E+25   4.098025E+25
   9.077327E+07   1.883319E+25   4.236799E+25
   9.288979E+07   1.943873E+25   4.380199E+25
   9.505566E+07   2.006349E+25   4.528376E+25
   9.727203E+07   2.070808E+25   4.681488E+25
   9.954008E+07   2.137312E+25   4.839697E+25
   1.018610E+08   2.205929E+25   5.003169E+25
   1.042361E+08   2.276723E+25   5.172078E+25
   1.066665E+08   2.349764E+25   5.346603E+25
   1.091536E+08   2.425124E+25   5.526926E+25
   1.116987E+08   2.502875E+25   5.713239E+25
   1.143031E+08   2.583094E+25   5.905737E+25
   1.169683E+08   2.665854E+25   6.104624E+25
   1.196956E+08   2.751236E+25   6.310107E+25
   1.224864E+08   2.839320E+25   6.522404E+25
   1.253424E+08   2.930193E+25   6.741738E+25
   1.282650E+08   3.023947E+25   6.968337E+25
   1.312557E+08   3.120668E+25   7.202440E+25
   1.343161E+08   3.220452E+25   7.444292E+25
   1.374479E+08   3.323397E+25   7.694147E+25
   1.406527E+08   3.429603E+25   7.952265E+25
   1.439322E+08   3.539172E+25   8.218917E+25
   1.472882E+08   3.652205E+25   8.494381E+25
   1.507225E+08   3.768810E+25   8.778945E+25
   1.542368E+08   3.889098E+25   9.072905E+25
   1.578331E+08   4.013189E+25   9.376568E+25
   1.615132E+08   4.141204E+25   9.690250E+25
   1.652792E+08   4.273263E+25   1.001428E+26
   1.691329E+08   4.409496E+25   1.034899E+26
   1.730765E+08   4.550038E+25   1.069473E+26
   1.771120E+08   4.695023E+25   1.105186E+26
   1.812417E+08   4.844588E+25   1.142075E+26
   1.854676E+08   4.998876E+25   1.180178E+26
   1.897921E+08   5.158029E+25   1.219536E+26
   1.942174E+08   5.322201E+25   1.260187E+26
   1.987459E+08   5.491553E+25   1.302176E+26
   2.033799E+08   5.666252E+25   1.345544E+26
   2.081221E+08   5.846460E+25   1.390338E+26
   2.129748E+08   6.032354E+25   1.436602E+26
   2.179406E+08   6.224118E+25   1.484386E+26
   2.230222E+08   6.421935E+25   1.533738E+26
   2.282223E+08   6.625992E+25   1.584709E+26
   2.335437E+08   6.836480E+25   1.637352E+26
   2.389891E+08   7.053596E+25   1.691720E+26
   2.445615E+08   7.277548E+25   1.747870E+26
   2.502639E+08   7.508554E+25   1.805860E+26
   2.560992E+08   7.746844E+25   1.865750E+26
   2.620705E+08   7.992637E+25   1.927599E+26
   2.681811E+08   8.246175E+25   1.991473E+26
   2.744342E+08   8.507706E+25   2.057437E+26
   2.808330E+08   8.777481E+25   2.125558E+26
   2.873811E+08   9.055754E+25   2.195906E+26
   2.940818E+08   9.342785E+25   2.268554E+26
   3.009388E+08   9.638842E+25   2.343575E+26
   3.079557E+08   9.944207E+25   2.421046E+26
   3.151361E+08   1.025918E+26   2.501047E+26
   3.224845E+08   1.058409E+26   2.583664E+26
   3.300037E+08   1.091919E+26   2.668972E+26
   3.376982E+08   1.126485E+26   2.757063E+26
   3.455722E+08   1.162138E+26   2.848025E+26
   3.536298E+08   1.198914E+26   2.941954E+26
   3.618752E+08   1.236848E+26   3.038943E+26
   3.703129E+08   1.275973E+26   3.139091E+26
   3.789473E+08   1.316328E+26   3.242502E+26
   3.877831E+08   1.357949E+26   3.349279E+26
   3.968248E+08   1.400879E+26   3.459531E+26
   4.060774E+08   1.445159E+26   3.573371E+26
   4.155458E+08   1.490829E+26   3.690913E+26
   4.252349E+08   1.537936E+26   3.812278E+26
   4.351499E+08   1.586524E+26   3.937588E+26
   4.452961E+08   1.636640E+26   4.066970E+26
   4.556788E+08   1.688331E+26   4.200556E+26
   4.663037E+08   1.741645E+26   4.338481E+26
   4.771763E+08   1.796632E+26   4.480884E+26
   4.883024E+08   1.853344E+26   4.627909E+26
   4.996880E+08   1.911837E+26   4.779705E+26
   5.113390E+08   1.972167E+26   4.936426E+26
   5.232616E+08   2.034390E+26   5.098229E+26
   5.354623E+08   2.098568E+26   5.265279E+26
   5.479474E+08   2.164763E+26   5.437744E+26
   5.607237E+08   2.233037E+26   5.615797E+26
   5.737978E+08   2.303455E+26   5.799618E+26
   5.871768E+08   2.376082E+26   5.989393E+26
   6.008678E+08   2.450987E+26   6.185312E+26
   6.148779E+08   2.528238E+26   6.387574E+26
   6.292148E+08   2.607913E+26   6.596380E+26
   6.438859E+08   2.690089E+26   6.811942E+26
   6.588991E+08   2.774841E+26   7.034476E+26
   6.742624E+08   2.862254E+26   7.264206E+26
   6.899839E+08   2.952411E+26   7.501362E+26
   7.060719E+08   3.045398E+26   7.746182E+26
   7.225351E+08   3.141303E+26   7.998913E+26
   7.393821E+08   3.240214E+26   8.259807E+26
   7.566220E+08   3.342224E+26   8.529126E+26
   7.742638E+08   3.447428E+26   8.807141E+26
   7.923170E+08   3.555930E+26   9.094129E+26
   8.107911E+08   3.667835E+26   9.390378E+26
   8.296959E+08   3.783247E+26   9.696184E+26
   8.490416E+08   3.902278E+26   1.001185E+27
   8.688383E+08   4.025043E+26   1.033770E+27
   8.890967E+08   4.151661E+26   1.067405E+27
   9.098273E+08   4.282248E+26   1.102125E+27
   9.310414E+08   4.416926E+26   1.137963E+27
   9.527501E+08   4.555820E+26   1.174955E+27
   9.749649E+08   4.699060E+26   1.213139E+27
   9.976978E+08   4.846788E+26   1.252553E+27
   1.020961E+09   4.999147E+26   1.293235E+27
   1.044766E+09   5.156276E+26   1.335227E+27
   1.069126E+09   5.318330E+26   1.378570E+27
   1.094055E+09   5.485466E+26   1.423307E+27
   1.119564E+09   5.657842E+26   1.469483E+27
   1.145669E+09   5.835620E+26   1.517144E+27
   1.172382E+09   6.018964E+26   1.566337E+27
   1.199718E+09   6.208043E+26   1.617111E+27
   1.227691E+09   6.403036E+26   1.669517E+27
   1.256316E+09   6.604134E+26   1.723606E+27
   1.285609E+09   6.811534E+26   1.779433E+27
   1.315585E+09   7.025423E+26   1.837052E+27
   1.346260E+09   7.246013E+26   1.896522E+27
   1.377651E+09   7.473516E+26   1.957900E+27
   1.409773E+09   7.708149E+26   2.021249E+27
   1.442644E+09   7.950131E+26   2.086630E+27
   1.476281E+09   8.199685E+26   2.154108E+27
   1.510703E+09   8.457041E+26   2.223750E+27
   1.545927E+09   8.722444E+26   2.295626E+27
   1.581973E+09   8.996151E+26   2.369806E+27
   1.618859E+09   9.278431E+26   2.446364E+27
   1.656605E+09   9.569540E+26   2.525375E+27
   1.695232E+09   9.869765E+26   2.606918E+27
   1.734759E+09   1.017939E+27   2.691073E+27
   1.775207E+09   1.049872E+27   2.777924E+27
   1.816599E+09   1.082805E+27   2.867555E+27
   1.858956E+09   1.116768E+27   2.960056E+27
   1.902300E+09   1.151792E+27   3.055518E+27
   1.946656E+09   1.187910E+27   3.154036E+27
   1.992045E+09   1.225159E+27   3.255705E+27
   2.038493E+09   1.263573E+27   3.360628E+27
   2.086023E+09   1.303189E+27   3.468906E+27
   2.134662E+09   1.344044E+27   3.580647E+27
   2.184435E+09   1.386179E+27   3.695960E+27
   2.235369E+09   1.429634E+27   3.814960E+27
   2.287490E+09   1.474448E+27   3.937764E+27
   2.340826E+09   1.520663E+27   4.064492E+27
   2.395406E+09   1.568323E+27   4.195270E+27
   2.451259E+09   1.617471E+27   4.330225E+27
   2.508414E+09   1.668156E+27   4.469490E+27
   2.566901E+09   1.720427E+27   4.613203E+27
   2.626753E+09   1.774332E+27   4.761504E+27
   2.687999E+09   1.829923E+27   4.914539E+27
   2.750674E+09   1.887255E+27   5.072460E+27
   2.814811E+09   1.946382E+27   5.235419E+27
   2.880442E+09   2.007358E+27   5.403579E+27
   2.947604E+09   2.070240E+27   5.577103E+27
   3.016332E+09   2.135086E+27   5.756162E+27
   3.086663E+09   2.201957E+27   5.940931E+27
   3.158633E+09   2.270919E+27   6.131592E+27
   3.232286E+09   2.342042E+27   6.328343E+27
   3.307652E+09   2.415383E+27   6.531354E+27
   3.384775E+09   2.491019E+27   6.740835E+27
   3.463696E+09   2.569021E+27   6.956992E+27
   3.544458E+09   2.649465E+27   7.180035E+27
   3.627102E+09   2.732425E+27   7.410184E+27
   3.711674E+09   2.817977E+27   7.647663E+27
   3.798217E+09   2.906200E+27   7.892705E+27
   3.886779E+09   2.997177E+27   8.145549E+27
   3.977405E+09   3.090998E+27   8.406444E+27
   4.070145E+09   3.187753E+27   8.675642E+27
   4.165046E+09   3.287530E+27   8.953409E+27
   4.262161E+09   3.390428E+27   9.240014E+27
   4.361540E+09   3.496546E+27   9.535739E+27
   4.463236E+09   3.605984E+27   9.840871E+27
   4.567303E+09   3.718843E+27   1.015571E+28
   4.673797E+09   3.835228E+27   1.048056E+28
   4.782774E+09   3.955246E+27   1.081574E+28
   4.894292E+09   4.079011E+27   1.116158E+28
   5.008410E+09   4.206642E+27   1.151841E+28
   5.125189E+09   4.338265E+27   1.188659E+28
   5.244691E+09   4.473998E+27   1.226647E+28
   5.366979E+09   4.613975E+27   1.265841E+28
   5.492118E+09   4.758332E+27   1.306281E+28
   5.620176E+09   4.907203E+27   1.348006E+28
   5.751219E+09   5.060729E+27   1.391056E+28
   5.885318E+09   5.219049E+27   1.435474E+28
   6.022543E+09   5.382311E+27   1.481302E+28
   6.162968E+09   5.550667E+27   1.528585E+28
   6.306667E+09   5.724283E+27   1.577369E+28
   6.453717E+09   5.903327E+27   1.627702E+28
   6.604196E+09   6.087962E+27   1.679632E+28
   6.758183E+09   6.278368E+27   1.733210E+28
   6.915760E+09   6.474731E+27   1.788489E+28
   7.077012E+09   6.677234E+27   1.845521E+28
   7.242024E+09   6.886066E+27   1.904362E+28
   7.410883E+09   7.101420E+27   1.965070E+28
   7.583679E+09   7.323493E+27   2.027704E+28
   7.760505E+09   7.552496E+27   2.092323E+28
   7.941453E+09   7.788652E+27   2.158992E+28
   8.126620E+09   8.032189E+27   2.227774E+28
   8.316105E+09   8.283330E+27   2.298736E+28
   8.510008E+09   8.542321E+27   2.371948E+28
   8.708432E+09   8.809411E+27   2.447480E+28
   8.911483E+09   9.084854E+27   2.525406E+28
   9.119268E+09   9.368903E+27   2.605800E+28
   9.331898E+09   9.661821E+27   2.688742E+28
   9.549486E+09   9.963878E+27   2.774311E+28
   9.772147E+09   1.027536E+28   2.862591E+28
   1.000000E+10   1.059657E+28   2.953666E+28
